1 2 0
1 3 1
1 4 1
1 5 1
1 6 2
1 7 3
1 8 2
1 9 0
1 10 0
1 11 2
1 12 1
1 13 0
1 14 0
1 15 3
1 16 1
2 2 3
2 3 2
2 4 0
2 5 3
2 6 0
2 7 0
2 8 0
2 9 1
2 10 1
2 11 0
2 12 0
2 13 1
2 14 1
2 15 2
2 16 0
3 2 2
3 3 1
3 4 2
3 5 1
3 6 2
3 7 1
3 8 0
3 9 0
3 10 2
3 11 1
3 12 1
3 13 0
3 14 0
3 15 0
3 16 2
4 2 3
4 3 0
4 4 1
4 5 0
4 6 0
4 7 1
4 8 1
4 9 1
4 10 0
4 11 0
4 12 0
4 13 1
4 14 2
4 15 1
4 16 1
5 2 2
5 3 1
5 4 0
5 5 0
5 6 2
5 7 2
5 8 0
5 9 0
5 10 1
5 11 0
5 12 1
5 13 0
5 14 0
5 15 2
5 16 0
6 2 0
6 3 0
6 4 2
6 5 3
6 6 0
6 7 0
6 8 3
6 9 2
6 10 0
6 11 1
6 12 0
6 13 2
6 14 3
6 15 0
6 16 1
7 2 3
7 3 2
7 4 0
7 5 0
7 6 2
7 7 0
7 8 2
7 9 0
7 10 2
7 11 0
7 12 1
7 13 2
7 14 0
7 15 0
7 16 2
8 2 0
8 3 2
8 4 3
8 5 2
8 6 0
8 7 3
8 8 0
8 9 0
8 10 0
8 11 2
8 12 3
8 13 0
8 14 3
8 15 1
8 16 1
9 2 1
9 3 1
9 4 0
9 5 1
9 6 0
9 7 0
9 8 0
9 9 0
9 10 0
9 11 0
9 12 2
9 13 0
9 14 0
9 15 0
9 16 0
